3.00385960552716
5.05117790083964
6.51117799416143
0.54397167694629
7.06826230407936
2.25215124681751
2.1942898843926
-0.16077336481639
2.89556029345572
2.57993121135486
0.0234039957744148
7.05170827262253
3.54163759823318
2.90333297188395
3.49512361450866
2.4081300492285
0.933190875614888
-1.40928985776208
0.0574424967190912
2.63530476558025
4.42664088417148
4.51912289981473
2.84206038202692
4.49543054136502
6.62761556754746
4.09926917519651
3.4003173208991
3.57760357797519
5.68831445864598
4.7778038132851
4.42083516592398
3.11683383658547
3.46940765478383
3.45839516147189
2.41595463402311
0.579052230189521
3.05345561531272
3.96177879459211
3.55848104172538
3.11133802474783
4.30282786487241
3.01754991079327
4.63825402848285
2.77896442978938
6.22991837373417
2.09881432824449
2.2435370053848
1.70780850205403
7.66711817033827
5.89605561452991
3.32919426382087
2.08742930499683
1.16549091523233
2.83226570586952
-2.51463478830856
-1.22058597058588
0.973175280634554
-0.963121412616283
4.33554370465939
1.95862439502107
3.57647156889872
6.23010229964943
5.33380102325846
4.05528647855801
2.67372323351024
3.32560783362683
2.43191970125907
6.28790913032676
2.67392661734493
2.32492810008551
-2.57775047788306
4.15870052581513
2.69538416082346
3.70582998303693
4.48667979254736
1.8117353342921
2.62189756449932
-0.2576882493015
4.63822935693249
4.0698962301729
3.29965304169866
5.41197851992931
2.1191866540683
2.2515688711208
3.8909867186844
6.88759800060111
4.08225586505663
3.64233100749749
1.95711044776724
3.1252731444078
4.57039807065153
2.86892448771148
2.21370613914744
-1.3162703486326
2.5871547238921
0.911342557328692
1.08165534779911
