chr	rs	ps	n_miss	allele1	allele0	af	beta	se	logl_H1	l_remle	l_mle	p_wald	p_lrt	p_score
-9	ENSG00000000003.14	-9	0	A	T	3.322	-3.576817e-01	3.176869e-01	-2.025713e+02	1.000000e-05	1.000000e-05	2.631390e-01	2.492673e-01	2.538625e-01
-9	ENSG00000000005.5	-9	0	A	T	0.345	1.646878e-01	2.430983e-01	-2.029936e+02	1.000000e-05	1.000000e-05	4.998184e-01	4.872096e-01	4.894993e-01
-9	ENSG00000000419.12	-9	0	A	T	3.774	5.147574e-02	1.787928e-01	-2.031913e+02	1.000000e-05	1.000000e-05	7.740653e-01	7.675655e-01	7.682822e-01
-9	ENSG00000000457.13	-9	0	A	T	3.641	-5.845975e-01	5.518551e-01	-2.028616e+02	1.552724e-02	4.377590e-03	2.922221e-01	3.875180e-01	3.933022e-01
-9	ENSG00000000460.16	-9	0	A	T	2.925	-4.009819e-01	4.301546e-01	-2.027790e+02	1.000000e-05	1.000000e-05	3.536830e-01	3.396141e-01	3.432444e-01
-9	ENSG00000000938.12	-9	0	A	T	2.604	-2.561504e-03	1.417756e-01	-2.032348e+02	1.000000e-05	1.000000e-05	9.856243e-01	9.851987e-01	9.852389e-01
-9	ENSG00000000971.15	-9	0	A	T	4.314	3.898782e-01	2.100648e-01	-2.014522e+02	1.000000e-05	1.000000e-05	6.665609e-02	5.898952e-02	6.451631e-02
-9	ENSG00000001036.13	-9	0	A	T	3.350	-8.096578e-01	4.487221e-01	-2.015483e+02	1.000000e-05	1.000000e-05	7.444653e-02	6.625981e-02	7.188673e-02
-9	ENSG00000001084.10	-9	0	A	T	4.243	-4.698347e-01	6.277600e-01	-2.029406e+02	1.000000e-05	1.000000e-05	4.561097e-01	4.428834e-01	4.455364e-01
-9	ENSG00000001167.14	-9	0	A	T	4.219	-1.822346e-01	4.051203e-01	-2.031284e+02	1.000000e-05	1.000000e-05	6.538924e-01	6.443420e-01	6.456128e-01
-9	ENSG00000001460.17	-9	0	A	T	3.132	-1.331647e-01	1.954841e-01	-2.029910e+02	1.000000e-05	1.000000e-05	4.974529e-01	4.848074e-01	4.871159e-01
-9	ENSG00000001461.16	-9	0	A	T	4.481	-1.228906e-01	1.059339e-01	-2.025307e+02	1.000000e-05	1.000000e-05	2.490226e-01	2.352855e-01	2.400318e-01
-9	ENSG00000001497.16	-9	0	A	T	3.893	-2.906153e-01	4.093936e-01	-2.029701e+02	1.000000e-05	1.000000e-05	4.795816e-01	4.666704e-01	4.691241e-01
-9	ENSG00000001561.6	-9	0	A	T	4.802	-1.138785e+00	4.512548e-01	-2.003117e+02	2.245480e-02	1.935085e-02	1.333136e-02	1.560836e-02	2.290035e-02
-9	ENSG00000001617.11	-9	0	A	T	2.512	1.538931e-01	1.774029e-01	-2.028399e+02	1.000000e-05	1.000000e-05	3.879373e-01	3.740432e-01	3.773285e-01
-9	ENSG00000001626.14	-9	0	A	T	1.761	-1.121720e-01	1.357076e-01	-2.028761e+02	1.000000e-05	1.000000e-05	4.106187e-01	3.969026e-01	3.999691e-01
-9	ENSG00000001629.9	-9	0	A	T	4.983	-2.730404e-01	2.863695e-01	-2.027581e+02	1.000000e-05	1.000000e-05	3.428581e-01	3.287595e-01	3.325020e-01
-9	ENSG00000001630.15	-9	0	A	T	4.671	-3.584432e-01	1.946756e-01	-2.014799e+02	1.000000e-05	1.000000e-05	6.880993e-02	6.099556e-02	6.655314e-02
-9	ENSG00000001631.15	-9	0	A	T	4.517	3.642996e-02	5.338319e-01	-2.032325e+02	1.000000e-05	1.000000e-05	9.457408e-01	9.441368e-01	9.442896e-01
-9	ENSG00000002016.17	-9	0	A	T	3.554	1.417818e-01	4.666345e-01	-2.031863e+02	1.000000e-05	1.000000e-05	7.619365e-01	7.551103e-01	7.558753e-01
-9	ENSG00000002330.13	-9	0	A	T	2.140	-6.485430e-02	1.669882e-01	-2.031555e+02	1.000000e-05	1.000000e-05	6.986348e-01	6.901679e-01	6.912114e-01
-9	ENSG00000002549.12	-9	0	A	T	4.459	-3.241245e-01	3.167666e-01	-2.028748e+02	1.585383e-02	1.000000e-05	3.088831e-01	3.960228e-01	3.990976e-01
-9	ENSG00000002586.18	-9	0	A	T	3.772	-1.301226e-02	1.888570e-01	-2.032325e+02	1.000000e-05	1.000000e-05	9.452187e-01	9.435994e-01	9.437537e-01
-9	ENSG00000002586.18_PAR_Y	-9	0	A	T	3.772	-1.301226e-02	1.888570e-01	-2.032325e+02	1.000000e-05	1.000000e-05	9.452187e-01	9.435994e-01	9.437537e-01
-9	ENSG00000002587.9	-9	0	A	T	2.414	-1.000366e-01	1.895758e-01	-2.030884e+02	1.000000e-05	1.000000e-05	5.989874e-01	5.882135e-01	5.898028e-01
-9	ENSG00000002726.20	-9	0	A	T	0.353	4.373811e-01	2.833298e-01	-2.019947e+02	1.000000e-05	1.000000e-05	1.260898e-01	1.152593e-01	1.210229e-01
-9	ENSG00000002745.12	-9	0	A	T	1.218	1.048469e-02	1.434045e-01	-2.032322e+02	1.000000e-05	1.000000e-05	9.418751e-01	9.401573e-01	9.403212e-01
-9	ENSG00000002746.14	-9	0	A	T	3.692	-1.430559e-02	7.943053e-02	-2.032179e+02	1.000000e-05	1.000000e-05	8.574687e-01	8.532957e-01	8.537155e-01
-9	ENSG00000002822.15	-9	0	A	T	3.143	1.349491e-01	3.387803e-01	-2.031514e+02	1.000000e-05	1.000000e-05	6.913039e-01	6.826548e-01	6.837337e-01
-9	ENSG00000002834.17	-9	0	A	T	4.403	-1.036203e-01	1.603548e-01	-2.030153e+02	1.000000e-05	1.000000e-05	5.197627e-01	5.074780e-01	5.096132e-01
-9	ENSG00000002919.14	-9	0	A	T	3.440	-4.186703e-01	3.469256e-01	-2.024732e+02	1.000000e-05	1.000000e-05	2.306026e-01	2.170918e-01	2.220316e-01
-9	ENSG00000002933.7	-9	0	A	T	2.836	-9.628118e-02	1.443053e-01	-2.030009e+02	1.000000e-05	1.000000e-05	5.063114e-01	4.938053e-01	4.960440e-01
-9	ENSG00000003056.7	-9	0	A	T	4.389	7.577899e-02	4.543607e-01	-2.032203e+02	1.000000e-05	1.000000e-05	8.679079e-01	8.640344e-01	8.644207e-01
-9	ENSG00000003096.14	-9	0	A	T	2.907	-2.056429e-01	3.543469e-01	-2.030577e+02	1.000000e-05	1.000000e-05	5.631018e-01	5.516024e-01	5.534258e-01
-9	ENSG00000003137.8	-9	0	A	T	2.551	1.339922e-01	1.139495e-01	-2.025115e+02	1.000000e-05	1.000000e-05	2.426725e-01	2.290068e-01	2.338203e-01
-9	ENSG00000003147.17	-9	0	A	T	3.633	-3.988743e-03	1.187834e-01	-2.032344e+02	1.000000e-05	1.000000e-05	9.732848e-01	9.724942e-01	9.725689e-01
-9	ENSG00000003249.13	-9	0	A	T	3.336	-8.271544e-02	2.082945e-01	-2.031519e+02	1.000000e-05	1.000000e-05	6.922075e-01	6.835807e-01	6.846553e-01
-9	ENSG00000003393.14	-9	0	A	T	4.694	1.908773e-01	3.769756e-01	-2.031000e+02	1.000000e-05	1.000000e-05	6.138303e-01	6.033744e-01	6.048731e-01
-9	ENSG00000003400.14	-9	0	A	T	3.133	-4.125148e-03	2.342422e-01	-2.032348e+02	1.000000e-05	1.000000e-05	9.859876e-01	9.855728e-01	9.856120e-01
-9	ENSG00000003402.19	-9	0	A	T	5.494	1.318719e-01	1.820612e-01	-2.029592e+02	1.000000e-05	1.000000e-05	4.707028e-01	4.576678e-01	4.601957e-01
-9	ENSG00000003436.15	-9	0	A	T	4.474	2.169986e-01	2.450063e-01	-2.028232e+02	1.000000e-05	1.000000e-05	3.780960e-01	3.641397e-01	3.675225e-01
-9	ENSG00000003509.15	-9	0	A	T	3.732	1.390337e-01	3.000590e-01	-2.031219e+02	1.000000e-05	1.000000e-05	6.442045e-01	6.344292e-01	6.357529e-01
-9	ENSG00000003756.16	-9	0	A	T	5.092	-8.826347e-01	6.720068e-01	-2.023340e+02	1.000000e-05	1.000000e-05	1.923039e-01	1.794691e-01	1.847858e-01
-9	ENSG00000003987.13	-9	0	A	T	3.215	-5.687889e-02	6.177134e-02	-2.027901e+02	1.000000e-05	1.000000e-05	3.595644e-01	3.455170e-01	3.490870e-01
-9	ENSG00000003989.17	-9	0	A	T	5.218	7.620001e-02	1.122534e-01	-2.029927e+02	1.000000e-05	1.000000e-05	4.989550e-01	4.863328e-01	4.886293e-01
-9	ENSG00000004059.10	-9	0	A	T	3.604	1.334335e-01	4.581542e-01	-2.031903e+02	1.000000e-05	1.000000e-05	7.715222e-01	7.649537e-01	7.656804e-01
-9	ENSG00000004139.13	-9	0	A	T	3.579	-9.346259e-02	1.209853e-01	-2.029214e+02	1.000000e-05	1.000000e-05	4.417912e-01	4.283929e-01	4.311722e-01
-9	ENSG00000004142.11	-9	0	A	T	4.325	5.404439e-02	2.042232e-01	-2.031981e+02	1.000000e-05	1.000000e-05	7.918835e-01	7.858694e-01	7.865178e-01
-9	ENSG00000004399.12	-9	0	A	T	3.924	-1.115620e-01	1.499759e-01	-2.029441e+02	1.000000e-05	1.000000e-05	4.588530e-01	4.456615e-01	4.482907e-01
-9	ENSG00000004455.16	-9	0	A	T	4.600	6.859840e-02	2.575330e-01	-2.031976e+02	1.000000e-05	1.000000e-05	7.905523e-01	7.845018e-01	7.851551e-01
-9	ENSG00000004468.12	-9	0	A	T	3.162	-6.240462e-01	2.710086e-01	-2.005173e+02	1.000000e-05	1.000000e-05	2.355154e-02	1.973323e-02	2.376278e-02
-9	ENSG00000004478.7	-9	0	A	T	4.778	-4.711909e-03	2.698880e-01	-2.032348e+02	1.000000e-05	1.000000e-05	9.861084e-01	9.856972e-01	9.857360e-01
-9	ENSG00000004487.15	-9	0	A	T	4.481	3.105857e-01	3.574226e-01	-2.028385e+02	1.000000e-05	1.000000e-05	3.871306e-01	3.732311e-01	3.765244e-01
-9	ENSG00000004534.14	-9	0	A	T	4.896	4.739624e-01	5.514923e-01	-2.028472e+02	1.000000e-05	1.000000e-05	3.923437e-01	3.784806e-01	3.817228e-01
-9	ENSG00000004660.14	-9	0	A	T	3.527	1.374227e-01	1.636832e-01	-2.031902e+02	4.390003e-02	1.000000e-05	4.033289e-01	7.646399e-01	7.653678e-01
-9	ENSG00000004700.15	-9	0	A	T	3.970	2.600565e-01	3.315516e-01	-2.029117e+02	1.000000e-05	1.000000e-05	4.348427e-01	4.213666e-01	4.242085e-01
-9	ENSG00000004766.15	-9	0	A	T	4.428	6.425752e-03	3.958993e-01	-2.032348e+02	1.000000e-05	1.000000e-05	9.870854e-01	9.867031e-01	9.867392e-01
-9	ENSG00000004776.12	-9	0	A	T	2.127	9.695067e-02	1.179600e-01	-2.028802e+02	1.000000e-05	1.000000e-05	4.132620e-01	3.995697e-01	4.026112e-01
-9	ENSG00000004777.18	-9	0	A	T	2.440	-5.741140e-02	1.054060e-01	-2.030788e+02	1.000000e-05	1.000000e-05	5.872990e-01	5.762819e-01	5.779452e-01
-9	ENSG00000004779.9	-9	0	A	T	3.593	6.496690e-02	1.856001e-01	-2.031704e+02	1.000000e-05	1.000000e-05	7.271110e-01	7.193680e-01	7.202805e-01
-9	ENSG00000004799.7	-9	0	A	T	5.813	5.028909e-02	6.613338e-02	-2.029311e+02	1.000000e-05	1.000000e-05	4.489485e-01	4.356342e-01	4.383499e-01
-9	ENSG00000004809.13	-9	0	A	T	1.731	-1.576316e-01	2.019642e-01	-2.029149e+02	1.000000e-05	1.000000e-05	4.371045e-01	4.236533e-01	4.264748e-01
-9	ENSG00000004838.13	-9	0	A	T	1.482	-1.872026e-01	1.681145e-01	-2.025857e+02	1.000000e-05	1.000000e-05	2.683766e-01	2.544629e-01	2.590018e-01
-9	ENSG00000004846.16	-9	0	A	T	1.579	2.435483e-01	2.021549e-01	-2.024758e+02	1.000000e-05	1.000000e-05	2.313859e-01	2.178642e-01	2.227959e-01
-9	ENSG00000004848.7	-9	0	A	T	1.458	3.354434e-02	1.084735e-01	-2.031846e+02	1.000000e-05	1.000000e-05	7.578383e-01	7.509025e-01	7.516842e-01
-9	ENSG00000004864.13	-9	0	A	T	3.588	-3.743534e-01	3.118150e-01	-2.024810e+02	1.000000e-05	1.000000e-05	2.330030e-01	2.194593e-01	2.243742e-01
-9	ENSG00000004866.20	-9	0	A	T	3.702	-2.303014e-02	3.824042e-01	-2.032331e+02	1.000000e-05	1.000000e-05	9.521074e-01	9.506911e-01	9.508258e-01
-9	ENSG00000004897.11	-9	0	A	T	4.859	1.596597e-01	3.923712e-01	-2.031478e+02	1.000000e-05	1.000000e-05	6.850193e-01	6.762154e-01	6.773252e-01
-9	ENSG00000004939.13	-9	0	A	T	1.914	-2.476486e-01	2.191496e-01	-2.025664e+02	1.000000e-05	1.000000e-05	2.613955e-01	2.475387e-01	2.521527e-01
-9	ENSG00000004948.13	-9	0	A	T	0.708	1.462749e-01	1.891932e-01	-2.029209e+02	1.000000e-05	1.000000e-05	4.414152e-01	4.280125e-01	4.307952e-01
-9	ENSG00000004961.14	-9	0	A	T	3.324	1.622130e-01	2.063598e-01	-2.029103e+02	1.000000e-05	1.000000e-05	4.338473e-01	4.203604e-01	4.232113e-01
-9	ENSG00000004975.11	-9	0	A	T	3.323	-1.094960e-01	4.187879e-01	-2.031990e+02	1.000000e-05	1.000000e-05	7.943228e-01	7.883758e-01	7.890150e-01
-9	ENSG00000005007.12	-9	0	A	T	3.968	1.064954e-02	3.314171e-01	-2.032344e+02	1.000000e-05	1.000000e-05	9.744353e-01	9.736787e-01	9.737502e-01
-9	ENSG00000005020.12	-9	0	A	T	4.407	-4.238133e-01	2.977407e-01	-2.021784e+02	1.000000e-05	1.000000e-05	1.579938e-01	1.460443e-01	1.516410e-01
-9	ENSG00000005022.5	-9	0	A	T	4.205	-2.788248e-01	3.847847e-01	-2.029590e+02	1.000000e-05	1.000000e-05	4.705207e-01	4.574832e-01	4.600126e-01
-9	ENSG00000005059.15	-9	0	A	T	2.325	-3.936084e-01	3.220890e-01	-2.024540e+02	1.000000e-05	1.000000e-05	2.248112e-01	2.113839e-01	2.163834e-01
-9	ENSG00000005073.5	-9	0	A	T	1.052	3.187042e-02	9.058047e-02	-2.031698e+02	1.000000e-05	1.000000e-05	7.257580e-01	7.179801e-01	7.188986e-01
-9	ENSG00000005075.15	-9	0	A	T	3.379	-3.270113e-01	2.674452e-01	-2.032248e+02	1.191090e-01	1.000000e-05	2.245575e-01	8.867454e-01	8.870627e-01
-9	ENSG00000005100.12	-9	0	A	T	3.831	1.433186e-01	5.804180e-01	-2.032028e+02	1.000000e-05	1.000000e-05	8.055179e-01	7.998802e-01	8.004782e-01
-9	ENSG00000005102.12	-9	0	A	T	0.618	8.765585e-02	1.032338e-01	-2.028564e+02	1.000000e-05	1.000000e-05	3.980295e-01	3.842088e-01	3.873958e-01
-9	ENSG00000005108.15	-9	0	A	T	3.891	-8.302718e-02	1.237348e-01	-2.029982e+02	1.000000e-05	1.000000e-05	5.038959e-01	4.913514e-01	4.936089e-01
-9	ENSG00000005156.11	-9	0	A	T	4.278	1.874731e-01	4.558365e-01	-2.031459e+02	1.000000e-05	1.000000e-05	6.818291e-01	6.729471e-01	6.740728e-01
-9	ENSG00000005175.9	-9	0	A	T	4.210	1.095622e-01	4.092859e-01	-2.031972e+02	1.000000e-05	1.000000e-05	7.895363e-01	7.834579e-01	7.841151e-01
-9	ENSG00000005187.11	-9	0	A	T	2.764	8.204373e-02	2.322106e-01	-2.031692e+02	1.000000e-05	1.000000e-05	7.246598e-01	7.168537e-01	7.177770e-01
-9	ENSG00000005189.19	-9	0	A	T	1.985	8.386697e-02	2.710011e-01	-2.031845e+02	1.000000e-05	1.000000e-05	7.576631e-01	7.507227e-01	7.515051e-01
-9	ENSG00000005194.14	-9	0	A	T	3.735	-1.528042e-01	3.426502e-01	-2.031303e+02	1.000000e-05	1.000000e-05	6.566825e-01	6.471977e-01	6.484535e-01
-9	ENSG00000005206.16	-9	0	A	T	2.881	2.248126e-01	2.782304e-01	-2.028920e+02	1.000000e-05	1.000000e-05	4.211699e-01	4.075523e-01	4.105197e-01
-9	ENSG00000005238.19	-9	0	A	T	3.496	-2.205731e-01	2.322468e-01	-2.027618e+02	1.000000e-05	1.000000e-05	3.447348e-01	3.306405e-01	3.343635e-01
-9	ENSG00000005243.9	-9	0	A	T	2.832	1.078113e-01	1.227847e-01	-2.028302e+02	1.000000e-05	1.000000e-05	3.822031e-01	3.682716e-01	3.716136e-01
-9	ENSG00000005249.12	-9	0	A	T	3.850	-6.339183e-02	9.710076e-02	-2.030108e+02	1.000000e-05	1.000000e-05	5.154837e-01	5.031274e-01	5.052951e-01
-9	ENSG00000005302.17	-9	0	A	T	3.849	-6.493005e-03	5.028949e-01	-2.032349e+02	1.000000e-05	1.000000e-05	9.897266e-01	9.894224e-01	9.894511e-01
-9	ENSG00000005339.14	-9	0	A	T	5.022	4.452044e-01	4.699017e-01	-2.027641e+02	1.000000e-05	1.000000e-05	3.458958e-01	3.318043e-01	3.355152e-01
-9	ENSG00000005379.15	-9	0	A	T	3.781	-2.652232e-02	1.080537e-01	-2.032032e+02	1.000000e-05	1.000000e-05	8.066508e-01	8.010445e-01	8.016384e-01
-9	ENSG00000005381.7	-9	0	A	T	1.272	9.578901e-02	2.093848e-01	-2.031248e+02	1.000000e-05	1.000000e-05	6.484058e-01	6.387276e-01	6.400282e-01
-9	ENSG00000005421.8	-9	0	A	T	0.694	-1.471488e-01	1.845391e-01	-2.029009e+02	1.000000e-05	1.000000e-05	4.272802e-01	4.137240e-01	4.166349e-01
-9	ENSG00000005436.13	-9	0	A	T	3.806	8.866147e-02	2.285830e-01	-2.031557e+02	1.000000e-05	1.000000e-05	6.990050e-01	6.905474e-01	6.915892e-01
-9	ENSG00000005448.16	-9	0	A	T	1.939	1.619271e-01	1.769591e-01	-2.031042e+02	2.892174e-02	1.000000e-05	3.625556e-01	6.090263e-01	6.104920e-01
-9	ENSG00000005469.11	-9	0	A	T	3.323	7.509284e-02	3.320199e-01	-2.032080e+02	1.000000e-05	1.000000e-05	8.215712e-01	8.163811e-01	8.169218e-01
