geneID	genename	length	sample1	sample2	sample3	sample4	sample5	sample6	sample7	sample8	sample9	sample10	sample11	sample12	sample13	sample14	sample15	sample16	sample17	sample18	sample19	sample20	sample21	sample22	sample23	sample24	sample25	sample26	sample27	sample28	sample29	sample30	sample31	sample32	sample33	sample34	sample35	sample36	sample37	sample38	sample39	sample40	sample41	sample42	sample43	sample44	sample45	sample46	sample47	sample48	sample49	sample50	sample51	sample52	sample53	sample54	sample55	sample56	sample57	sample58	sample59	sample60	sample61	sample62	sample63	sample64	sample65	sample66	sample67	sample68	sample69	sample70	sample71	sample72	sample73	sample74	sample75	sample76	sample77	sample78	sample79	sample80	sample81	sample82	sample83	sample84	sample85	sample86	sample87	sample88	sample89	sample90	sample91	sample92	sample93	sample94	sample95	sample96	sample97
ENSG00000000003.14	TSPAN6	8747	32	97	52	81	40	241	259	252	33	89	100	119	89	43	143	15	120	194	140	43	176	18	153	19	162	47	173	25	221	179	60	167	139	151	66	179	33	102	80	168	57	46	106	71	214	52	308	182	54	66	337	144	15	30	172	111	39	55	348	59	143	76	52	77	60	141	185	213	39	112	81	367	185	362	170	119	189	552	28	108	163	85	193	62	156	55	74	217	38	281	166	132	92	126	119	418	47
ENSG00000000005.5	TNMD	1881	1	0	0	0	0	0	4	1	1	0	2	0	0	0	8	0	0	0	0	0	0	1	8	0	1	0	1	1	1	0	2	0	1	1	1	1	0	5	0	6	1	0	0	4	0	0	3	0	1	0	0	0	0	3	1	0	0	1	5	1	1	0	19	0	1	0	0	2	0	0	0	0	0	3	1	0	0	1	0	0	1	3	2	0	0	4	2	0	2	4	4	2	4	0	0	5	0
ENSG00000000419.12	DPM1	5867	325	42	50	131	56	140	193	206	154	76	241	96	180	47	745	437	59	118	139	196	245	279	740	390	109	358	560	670	247	175	108	304	708	188	687	338	45	1186	180	1390	119	36	288	1072	224	112	250	206	364	37	116	62	15	309	318	84	29	924	524	71	115	65	506	186	757	84	107	149	38	110	71	157	139	336	198	119	154	714	202	75	595	142	115	72	150	997	495	157	1120	399	1178	51	975	107	87	311	34
ENSG00000000457.13	SCYL3	15985	289	103	73	102	85	145	188	309	57	133	159	132	125	89	370	73	51	144	138	135	224	45	536	189	131	105	262	176	331	163	72	256	359	156	255	214	67	299	126	204	78	84	198	206	236	92	342	337	251	45	141	156	17	199	240	75	67	372	463	91	129	76	258	132	285	78	167	237	81	206	174	156	215	458	224	145	147	563	67	79	219	105	212	98	164	257	177	280	154	372	765	75	144	146	110	277	70
ENSG00000000460.16	C1orf112	21871	46	43	44	42	35	80	78	156	18	38	48	63	35	38	104	16	35	65	131	44	89	8	183	32	82	25	106	17	134	77	30	90	107	71	68	108	25	68	68	57	30	27	55	48	140	33	151	131	40	26	84	96	10	23	93	51	15	43	183	68	75	32	84	40	27	40	102	129	19	122	56	140	115	143	108	64	66	282	22	46	75	55	73	38	122	34	18	77	32	156	158	53	56	57	66	154	21
ENSG00000000938.12	FGR	12147	12	131	26	18	72	148	102	70	3	167	11	85	16	15	45	1	50	69	118	10	23	10	65	26	50	11	32	2	41	79	12	25	128	13	21	30	20	58	13	31	4	109	39	38	27	9	97	47	32	36	93	82	16	9	29	97	77	10	71	48	117	94	38	239	42	181	71	88	42	111	61	74	58	143	59	108	61	57	8	119	1	9	65	130	137	6	8	97	3	54	33	182	13	62	135	29	7
ENSG00000000971.15	CFH	15527	494	247	172	154	548	824	231	981	397	719	226	549	221	38	1857	338	474	637	349	492	325	248	1337	563	622	510	346	377	571	1308	163	234	1229	146	977	471	129	1081	161	1809	51	189	1008	871	402	151	398	494	404	168	718	210	45	451	273	380	70	349	336	185	706	551	1306	378	819	859	430	505	157	241	199	408	279	2628	1245	472	530	1905	442	240	230	64	387	633	841	1206	343	754	621	651	1319	553	1071	205	245	218	22
ENSG00000001036.13	FUCA2	3739	61	94	62	56	94	119	339	447	26	69	85	104	45	50	321	32	63	176	158	75	123	20	177	59	165	68	151	80	197	178	39	128	177	172	105	149	27	74	63	160	35	68	107	119	196	43	222	145	142	41	138	122	25	66	122	90	32	162	334	93	148	86	106	70	100	95	180	216	47	171	98	179	138	358	204	165	176	296	60	79	164	62	212	80	196	32	57	169	88	243	170	107	72	158	91	306	36
ENSG00000001084.10	GCLC	20982	358	343	205	201	196	595	721	1014	135	435	299	320	180	161	511	131	264	391	451	165	517	66	924	388	380	225	608	308	774	682	157	522	557	501	407	548	123	392	297	244	100	187	336	287	657	176	771	534	290	162	472	450	68	233	492	345	109	527	1167	319	430	260	473	252	498	336	659	844	97	595	325	652	481	940	537	410	483	1034	152	295	473	345	675	274	662	513	466	401	528	984	1026	281	172	334	456	932	85
ENSG00000001167.14	NFYA	5471	228	444	212	212	279	602	349	930	80	482	224	487	188	135	573	93	366	584	635	298	402	56	1540	334	418	229	533	179	492	641	119	478	603	355	407	406	203	416	341	133	112	303	469	366	652	186	565	525	329	178	621	518	74	189	354	541	163	346	767	260	432	407	429	185	241	515	637	600	151	640	364	567	500	623	549	504	430	947	259	433	587	130	521	373	629	298	239	465	189	725	771	500	126	503	433	584	97
ENSG00000001460.17	STPG1	20203	16	88	67	96	70	128	136	285	17	67	100	73	81	64	45	9	58	74	128	19	173	7	77	25	92	12	241	19	306	160	59	192	32	124	35	231	60	33	131	25	60	64	131	10	181	102	252	251	39	41	234	125	32	16	208	96	34	24	464	104	103	66	36	81	14	85	168	192	33	108	111	152	196	336	267	132	158	389	13	71	167	84	137	57	139	40	28	188	32	393	114	69	19	88	70	223	41
ENSG00000001461.16	NIPAL3	14964	27	890	541	493	719	1412	1824	4407	25	1078	739	1209	452	465	186	20	839	1329	2213	54	1313	8	100	35	962	34	1422	54	2166	2574	369	1167	92	1732	65	1482	378	90	798	213	368	1058	802	21	1696	550	2000	1505	105	457	1411	1510	162	38	1220	1331	484	61	3189	1017	1544	640	62	806	45	1147	1720	2788	487	1592	1468	1426	1259	1929	1628	1421	1388	2826	29	731	1511	794	2053	853	2325	54	139	1304	81	2516	126	1010	81	1291	949	2824	247
ENSG00000001497.16	LAS1L	12738	117	260	183	193	130	275	345	550	41	207	219	256	163	194	428	50	172	241	289	106	321	42	538	116	206	55	593	126	439	291	126	282	473	222	208	514	170	390	351	119	123	231	334	159	315	159	626	466	259	67	225	209	60	81	284	230	74	181	538	178	207	162	224	317	170	257	337	517	87	461	290	265	403	785	594	259	234	485	80	186	454	126	278	212	306	145	82	533	150	801	291	300	109	333	298	398	64
ENSG00000001561.6	ENPP4	4651	975	369	284	386	359	907	1041	2206	403	546	608	731	548	249	2200	409	594	1217	1620	647	1002	152	2098	877	667	803	1168	621	1278	1983	405	1177	4114	1275	1335	1049	143	1481	480	1862	302	421	620	1029	1116	401	1280	1208	910	345	768	987	58	1043	927	579	163	2021	2455	693	1070	430	1530	508	906	563	1129	1718	253	1194	663	1030	784	1239	849	1074	1292	3261	239	396	1207	698	1260	412	1271	718	1079	785	828	1782	2245	457	1105	1200	579	1558	173
ENSG00000001617.11	SEMA3F	15469	49	115	18	16	26	48	40	51	8	82	9	33	23	13	158	13	100	65	31	30	12	15	85	59	15	7	15	10	33	88	5	28	115	5	36	41	8	79	17	21	4	73	35	17	30	11	52	31	34	27	120	72	2	18	17	156	38	15	70	11	36	68	82	58	45	208	30	38	51	48	24	57	25	91	74	78	81	49	9	108	10	5	12	71	64	77	46	44	16	61	43	108	6	14	159	21	9
ENSG00000001626.14	CFTR	15129	3	12	13	4	8	18	32	59	0	17	3	54	5	3	4	0	12	33	56	4	17	2	11	1	32	1	21	2	18	30	2	11	4	33	4	15	10	7	7	1	7	20	21	6	37	9	29	38	1	5	235	11	1	1	8	23	8	2	18	21	26	15	2	13	3	21	44	167	11	31	42	19	22	41	14	30	16	42	5	17	13	7	35	14	25	1	0	20	2	23	13	27	0	46	43	92	3
ENSG00000001629.9	ANKIB1	11241	358	1373	657	783	770	2087	1654	2747	195	1420	1006	1357	674	479	749	180	1084	1855	1627	399	1633	135	1041	505	1417	265	2199	363	2262	2447	471	2182	820	1597	608	1993	711	713	1052	800	505	880	1207	446	2456	618	2738	2010	705	518	1340	1349	225	358	1723	1407	359	623	3860	925	1297	1053	476	994	432	1774	2113	2444	381	1755	997	1764	1850	2607	1965	1447	1466	4242	251	1286	1892	895	2015	1195	1826	489	452	1777	472	4092	1384	1652	396	1445	1717	2928	380
ENSG00000001630.15	CYP51A1	6797	247	394	266	547	434	1410	1478	2800	83	585	923	815	624	279	377	104	902	1776	1815	99	1066	55	394	224	792	141	1910	311	1788	2270	446	1403	464	1827	278	1459	171	432	792	550	466	503	1740	299	1355	469	1279	1559	380	570	844	1662	62	164	1055	737	358	441	3676	1177	1360	490	207	610	229	634	1296	1643	345	1392	1003	2863	888	1943	933	1137	2506	3607	126	650	2699	625	1664	563	2317	146	134	953	142	2300	865	536	236	1789	853	2619	228
ENSG00000001631.15	KRIT1	36600	457	243	318	462	210	546	522	801	190	355	567	422	495	240	923	288	301	448	517	285	939	164	1079	625	417	384	1262	590	993	658	337	1220	1264	581	787	1028	215	1060	746	815	365	252	991	558	951	401	1070	1167	610	181	534	419	83	351	862	317	111	980	2027	338	431	289	701	493	623	348	495	870	106	532	349	639	825	1350	894	479	639	2378	212	334	1192	415	546	306	524	838	655	758	921	1602	1487	425	628	465	407	947	193
ENSG00000002016.17	RAD52	25893	134	110	106	127	37	154	86	397	53	97	109	108	82	85	256	68	93	91	156	144	224	34	393	129	187	118	198	125	247	242	35	232	471	100	194	258	56	191	187	85	77	88	197	91	239	104	297	331	184	54	260	154	27	104	172	122	64	140	384	90	86	67	220	95	128	131	172	224	52	210	118	233	323	432	382	121	173	583	102	133	150	70	165	62	134	177	174	307	98	268	521	85	43	195	159	204	54
ENSG00000002079.14	MYH16	9923	0	0	1	0	0	1	0	0	0	0	1	4	0	0	0	0	0	0	0	0	0	0	0	0	0	0	0	1	0	1	0	0	0	0	0	0	4	1	0	2	0	1	0	0	0	0	0	0	0	0	5	0	0	0	0	0	0	0	0	1	0	0	0	0	0	0	0	0	0	2	0	0	0	0	0	0	0	0	0	0	0	0	0	0	0	0	3	0	0	1	0	1	0	0	2	1	0
ENSG00000002330.13	BAD	4478	7	64	14	10	14	54	75	47	1	29	10	28	8	21	8	9	29	31	34	7	13	1	9	10	9	2	14	3	44	18	7	19	34	6	37	18	10	19	17	21	5	20	13	2	10	19	64	14	8	21	35	89	10	12	23	26	21	2	42	14	35	24	19	29	16	52	80	62	20	98	25	28	20	68	56	29	89	43	0	152	26	15	14	20	37	11	18	40	3	59	52	28	11	19	148	58	3
ENSG00000002549.12	LAP3	12493	856	303	134	119	485	714	1503	1881	215	673	204	540	194	73	1614	406	344	734	556	376	357	288	1636	923	560	462	594	731	555	831	75	301	1225	425	1117	426	145	1265	201	1199	70	463	406	1275	418	128	873	785	1021	139	418	353	72	1100	340	758	170	1214	1212	271	695	392	647	389	986	712	642	820	158	525	388	487	500	881	581	725	878	1042	307	286	334	171	825	589	862	775	929	546	725	1108	1161	488	781	528	389	1075	59
ENSG00000002586.18	CD99	9964	107	408	104	77	210	372	1060	684	67	313	65	171	84	35	690	90	265	482	315	106	61	52	350	95	436	80	124	262	90	562	28	68	440	262	265	144	94	492	60	509	28	190	79	150	118	47	152	75	851	101	421	333	22	83	65	219	62	232	260	177	440	342	280	89	414	356	470	620	120	852	195	298	76	296	125	560	371	134	89	497	139	22	794	234	333	222	150	196	160	254	640	546	273	742	525	562	16
ENSG00000002586.18_PAR_Y	CD99	9964	107	408	104	77	210	372	1060	684	67	313	65	171	84	35	690	90	265	482	315	106	61	52	350	95	436	80	124	262	90	562	28	68	440	262	265	144	94	492	60	509	28	190	79	150	118	47	152	75	851	101	421	333	22	83	65	219	62	232	260	177	440	342	280	89	414	356	470	620	120	852	195	298	76	296	125	560	371	134	89	497	139	22	794	234	333	222	150	196	160	254	640	546	273	742	525	562	16
ENSG00000002587.9	HS3ST1	9018	11	47	19	31	15	128	48	83	4	33	42	27	29	20	18	5	32	35	45	4	61	5	19	7	33	3	61	4	54	56	19	79	25	30	5	49	19	14	46	7	19	23	79	13	81	32	91	50	11	26	55	76	5	4	60	19	22	7	98	18	49	26	21	59	10	62	68	49	22	88	38	61	55	132	42	39	49	158	2	35	64	30	48	34	80	10	21	59	4	73	19	35	6	30	59	67	19
ENSG00000002726.20	AOC1	14296	1	1	1	0	0	1	1	3	0	1	1	1	2	1	0	0	0	0	1	1	1	0	3	0	0	0	1	0	0	2	0	0	2	1	0	1	1	3	2	1	1	0	1	0	0	1	1	2	4	0	0	0	0	0	0	1	0	2	1	0	3	2	3	0	0	0	2	5	0	3	1	1	1	10	1	1	0	0	1	0	1	1	0	0	2	0	2	0	0	4	7	4	0	0	0	2	0
ENSG00000002745.12	WNT16	4377	1	3	6	3	0	9	4	8	1	6	18	2	10	7	1	0	3	7	2	1	12	0	1	0	5	2	15	0	30	5	17	26	15	5	0	15	1	3	4	9	6	3	20	0	30	5	16	4	1	8	52	2	0	2	25	6	1	0	47	3	6	0	3	4	0	8	12	16	3	9	2	15	14	277	13	4	10	65	0	3	32	9	3	3	8	0	0	14	0	42	3	4	14	4	7	14	1
ENSG00000002746.14	HECW1	23532	25	137	488	818	109	186	635	690	3	22	1384	173	1044	513	51	0	61	73	134	21	1560	5	36	24	229	5	2724	33	2486	169	561	2148	5	772	13	1784	311	17	1701	53	685	28	1591	5	1501	887	2174	1603	35	93	99	460	107	1	1982	40	68	37	3718	222	247	112	39	1203	29	108	226	341	53	155	199	429	1162	2964	2058	177	422	3229	7	132	2940	893	459	139	155	11	22	1754	31	2615	25	98	24	88	83	1012	372
ENSG00000002822.15	MAD1L1	22385	36	122	63	86	32	128	109	128	30	55	67	53	61	48	197	36	38	58	97	45	76	31	203	108	56	25	120	78	116	69	30	129	286	30	101	58	71	298	101	63	35	108	130	46	54	41	157	57	148	39	118	145	12	43	98	67	34	44	103	58	61	64	188	81	160	82	124	143	44	168	91	100	87	196	149	110	108	114	13	99	180	18	74	51	74	110	145	115	141	208	124	108	46	120	128	104	21
ENSG00000002834.17	LASP1	18934	97	1328	356	398	702	1669	746	1147	45	1346	509	944	309	322	301	43	551	946	1217	95	672	41	308	60	493	58	842	131	1182	758	267	687	328	457	200	880	240	214	578	157	212	891	541	109	861	340	1276	889	163	402	996	831	163	71	746	1039	514	101	1522	503	760	980	258	579	268	1417	1495	1225	355	891	953	822	833	1469	1258	934	776	1407	43	1179	630	321	747	978	1682	163	93	1056	47	1167	346	1227	56	657	1210	1005	206
ENSG00000002919.14	SNX11	15267	82	167	54	48	103	179	184	388	20	147	78	150	30	51	181	35	109	254	200	68	118	45	189	69	167	37	108	106	334	175	36	107	275	107	228	127	23	112	75	78	25	120	69	107	199	44	292	214	186	68	173	124	36	134	146	227	51	195	533	101	287	128	101	76	127	198	248	307	75	143	163	141	160	324	281	164	159	397	25	137	97	68	187	134	214	89	123	225	44	300	318	169	46	94	150	250	27
ENSG00000002933.7	TMEM176A	11264	17	148	50	28	114	262	178	276	5	138	34	80	17	8	50	12	125	228	104	15	31	5	29	13	132	19	69	7	83	135	26	31	48	61	16	111	26	9	27	24	12	63	12	19	57	18	71	75	21	70	121	167	21	17	50	217	53	8	149	39	189	101	35	27	30	278	182	171	40	177	78	169	56	68	97	157	229	83	5	365	9	13	194	105	183	26	5	61	13	135	58	185	10	111	215	227	14
ENSG00000003056.7	M6PR	12958	718	277	183	163	223	540	695	1040	193	436	320	322	169	164	1247	280	260	437	410	312	499	174	1763	772	386	529	754	721	991	507	121	454	1521	445	1000	592	99	930	315	734	101	238	326	638	619	147	837	544	854	166	414	356	56	526	586	392	111	1069	1568	294	476	315	692	485	1232	454	488	645	144	456	378	479	444	1112	782	441	581	1086	214	264	454	328	579	276	516	955	842	702	726	1093	2046	302	400	331	309	722	111
ENSG00000003096.14	KLHL13	28272	21	38	25	29	26	112	147	199	34	60	61	61	24	25	61	23	54	60	59	31	94	18	66	40	82	23	117	47	159	67	21	96	62	223	51	82	18	59	40	118	22	27	62	26	125	33	83	81	37	39	89	77	6	24	97	47	13	22	281	45	73	26	41	54	49	72	70	77	28	61	45	159	48	197	86	78	218	365	29	43	86	57	94	53	66	47	36	57	68	133	131	42	47	49	51	381	17
ENSG00000003137.8	CYP26B1	14229	98	9	40	48	0	14	9	18	24	2	68	8	66	66	492	24	2	13	4	306	148	23	231	124	6	84	106	28	216	9	38	77	382	8	207	174	22	525	49	31	52	6	91	66	88	68	209	124	309	8	18	16	7	30	169	8	7	41	193	11	12	6	124	135	59	8	17	13	2	14	11	9	105	275	301	10	4	366	76	8	139	48	7	3	6	42	117	235	49	126	103	6	32	4	11	18	27
ENSG00000003147.17	ICA1	22787	27	74	237	321	96	139	299	302	16	81	682	173	675	236	78	17	83	132	149	17	935	15	115	11	133	21	1662	15	1109	166	394	1262	59	446	40	1159	194	99	678	52	405	75	758	66	855	335	1223	992	42	33	98	108	28	9	1278	88	29	24	2127	163	230	109	41	699	41	109	154	270	41	114	107	236	635	1484	985	165	249	2531	22	111	1486	544	201	92	121	27	22	1050	25	2342	54	135	32	108	145	496	143
ENSG00000003249.13	DBNDD1	11861	10	186	81	102	85	146	205	213	15	175	169	128	102	100	39	68	49	95	105	17	160	33	37	127	69	9	248	36	253	96	79	218	59	73	140	190	53	130	138	99	76	88	94	13	90	124	364	162	111	53	129	251	32	19	282	129	52	35	343	104	72	130	28	149	90	122	202	208	40	227	149	116	203	447	266	139	241	268	10	303	158	73	129	107	208	129	64	317	67	329	86	179	93	118	180	257	82
ENSG00000003393.14	ALS2	24597	602	366	402	623	280	595	482	1068	205	430	816	504	656	425	1309	319	321	477	578	530	1285	310	2328	566	438	373	2104	1534	1711	717	350	1729	1126	659	1232	1738	249	1447	1226	799	454	280	1324	556	1536	606	1802	1475	1183	179	536	473	73	327	1406	412	112	1678	3058	351	497	357	1027	812	1293	435	608	813	152	627	403	729	1254	2652	1576	552	537	3317	273	305	1631	622	600	322	742	1465	911	1322	1241	2233	1219	397	485	487	419	1027	244
ENSG00000003400.14	CASP10	27257	32	95	27	38	145	228	97	369	18	165	26	279	23	35	147	17	125	171	172	51	61	12	183	46	131	39	72	14	112	157	28	37	123	102	102	68	34	152	51	40	14	118	69	60	105	33	115	119	186	46	213	68	39	31	49	232	35	36	125	108	196	117	91	73	48	175	176	157	41	128	147	121	111	227	121	128	104	149	38	109	53	33	76	149	204	28	44	94	25	112	120	191	42	65	95	182	16
ENSG00000003402.19	CFLAR	43001	6137	1411	730	1059	1140	2116	1646	2929	897	1695	754	1561	860	504	23698	1757	1280	1589	2098	6982	1381	1545	13382	5211	1419	5224	1796	3937	1202	1883	426	1579	11839	1007	17299	1625	731	18324	1430	3273	524	1282	2456	17122	1679	705	2170	1735	11643	537	2015	1521	296	3499	1025	1537	531	16637	2024	1198	1419	1311	4997	1106	5401	2041	1982	2539	431	2045	1425	1934	2064	2858	1978	1590	1723	2583	7361	1423	2110	491	1421	1277	2103	7791	6652	1782	3135	2067	10848	1928	5141	1376	1707	2217	369
ENSG00000003436.15	TFPI	22038	789	269	304	626	231	404	412	696	211	228	313	393	506	182	3848	249	288	412	489	839	512	178	2078	229	306	1378	899	486	443	544	164	802	2274	256	1270	617	306	1562	923	1309	284	193	1575	2129	575	268	873	761	2650	115	540	344	61	670	360	304	90	2448	688	288	458	203	920	459	633	342	416	602	105	488	315	417	756	1002	847	356	396	948	1029	209	1252	153	376	248	548	845	1140	714	551	827	2551	314	970	400	285	537	137
ENSG00000003509.15	NDUFAF7	15185	284	60	99	123	67	119	199	323	91	110	230	84	143	74	444	198	54	112	129	236	313	54	498	337	126	155	477	169	417	200	103	384	363	237	215	379	47	350	269	624	105	66	358	352	331	132	429	355	203	48	144	121	12	189	320	89	19	406	728	129	148	61	341	202	230	85	154	187	52	121	86	237	286	569	346	139	202	780	120	76	431	164	194	93	129	442	274	303	329	474	466	55	355	104	89	408	80
ENSG00000003756.16	RBM5	28411	777	656	818	960	535	1099	1181	3175	419	654	941	1138	736	602	2565	437	765	1193	1792	1063	1626	305	3958	1227	1335	865	2649	993	2021	1702	414	1926	3264	1034	1292	2210	552	2389	1548	1289	524	669	1929	1077	1920	767	3038	2254	1262	368	1387	911	190	684	1547	918	339	1382	3179	984	1485	546	1722	1153	1378	814	1385	2685	396	1992	1218	1406	2331	3718	2266	1367	1245	3645	635	606	1792	708	1652	703	1450	1344	1055	2120	1487	2944	2005	826	994	1597	899	2026	364
ENSG00000003987.13	MTMR7	10257	0	101	178	236	77	205	712	991	1	43	598	245	398	181	3	2	128	268	481	0	761	0	6	1	246	0	1432	0	1316	400	292	735	7	835	3	824	85	3	514	0	250	129	729	0	625	325	880	795	4	97	164	326	39	5	799	148	69	1	1946	269	279	86	0	473	0	104	373	784	70	519	304	391	498	1263	734	327	426	1723	0	115	1633	460	631	127	359	2	4	558	0	1426	8	140	3	460	145	1042	124
ENSG00000003989.17	SLC7A2	34719	5201	1325	208	256	344	3012	498	875	3733	1550	225	323	251	133	7198	2515	831	1067	1233	6252	449	5033	38061	9441	949	10660	469	3841	720	2520	232	575	10191	353	19219	927	204	26184	265	8493	91	501	653	9999	1126	133	1215	1034	3099	863	1955	846	55	6043	422	1104	308	9444	1863	268	1375	1286	14870	403	11381	2023	1355	1250	492	998	480	1641	521	3666	729	1737	3564	3352	3532	1402	393	209	1179	667	2144	14891	5788	1414	17117	1494	33986	1472	8400	998	1417	1060	226
ENSG00000004059.10	ARF5	4757	81	149	67	74	69	147	406	291	57	102	143	121	100	120	371	62	136	97	110	102	134	74	184	106	100	49	278	112	458	102	75	185	580	75	287	246	43	446	130	282	72	85	108	159	141	118	454	220	270	56	138	308	34	82	272	106	33	140	594	89	201	92	281	204	174	108	196	214	48	283	123	181	165	607	451	135	296	385	57	169	255	80	171	78	117	163	221	397	95	439	264	134	228	166	170	291	33
ENSG00000004139.13	SARM1	18821	19	409	168	151	311	444	372	831	9	188	188	359	101	169	74	9	176	282	435	28	351	4	80	6	227	13	309	15	449	265	84	272	63	312	44	325	113	46	229	22	82	219	197	18	330	125	708	461	41	155	316	601	57	7	311	252	155	17	501	257	362	277	45	215	23	343	642	633	137	442	459	417	373	753	507	338	263	742	15	340	168	147	439	299	496	23	11	487	11	505	52	297	17	267	293	520	103
ENSG00000004142.11	POLDIP2	3645	788	301	112	100	194	423	588	660	361	360	242	243	91	147	2347	394	284	314	292	821	328	417	2172	897	252	545	334	1489	680	281	111	285	2357	272	3071	353	58	2034	153	1899	65	156	143	1343	311	105	717	433	1853	98	346	374	60	685	426	344	114	1623	861	150	465	294	1021	251	2223	391	403	502	155	375	250	319	303	809	503	287	393	736	447	379	175	159	363	265	492	1433	1270	426	1256	762	2687	327	1101	203	327	577	71
ENSG00000004399.12	PLXND1	21295	66	842	137	157	413	704	369	665	44	709	231	572	163	144	246	17	475	409	617	48	177	23	198	49	324	31	284	29	426	669	86	248	332	157	151	247	127	383	185	65	78	658	214	52	206	137	459	276	116	193	553	540	48	20	264	516	227	28	394	392	445	479	235	220	177	896	901	777	304	1387	488	390	299	709	416	741	1243	462	14	760	222	63	448	606	745	54	75	485	47	554	231	870	35	630	1057	632	70
ENSG00000004455.16	AK2	15728	762	351	236	233	313	584	808	1118	293	403	249	445	212	170	3032	733	421	666	676	1110	482	662	2592	1245	533	772	577	1046	566	707	121	430	2414	528	2729	582	176	2635	323	1925	137	321	377	1451	569	206	748	703	1946	192	571	458	55	1046	496	562	147	1516	1103	330	716	306	1442	387	1613	560	604	891	177	708	447	604	533	902	617	637	662	1052	686	434	372	199	767	380	788	1575	1145	579	1234	1091	3768	445	1595	506	602	869	109
ENSG00000004468.12	CD38	9949	37	89	43	34	76	91	330	263	45	77	56	126	35	37	66	20	68	192	118	30	117	22	111	12	77	20	99	41	159	112	45	57	38	107	76	79	30	120	69	463	38	88	64	63	91	31	336	155	42	27	139	52	20	28	123	108	14	63	211	54	129	76	103	53	47	83	189	237	40	249	118	56	101	186	97	95	108	195	26	66	152	64	217	81	136	63	55	200	95	272	100	123	278	164	111	380	20
ENSG00000004478.7	FKBP4	7046	1143	373	285	472	217	1075	690	2116	417	1119	500	374	239	206	1797	1009	531	822	468	1068	721	508	1964	2920	938	789	1029	1034	1756	901	165	946	2839	807	2691	1287	209	1551	581	675	159	202	624	580	980	409	976	870	955	302	665	823	642	1289	973	1660	160	1206	2531	260	553	571	1046	555	2275	1043	670	578	191	486	383	1066	760	1753	1451	418	833	2121	487	1519	694	421	861	327	719	2758	1821	1114	1445	1178	6794	468	437	513	986	1327	243
ENSG00000004487.15	KDM1A	10900	785	243	260	307	198	456	557	788	274	232	509	322	345	213	1188	408	229	345	400	529	803	341	1982	789	356	578	1041	793	1168	442	298	894	1369	471	1298	933	195	1236	429	1051	223	165	445	785	931	279	985	910	953	102	375	284	76	527	937	216	93	1188	2065	232	388	229	754	532	1017	332	478	583	104	405	256	456	736	1573	954	375	510	2228	389	289	725	457	457	254	503	1039	894	844	1016	1472	1765	313	680	302	379	798	172
ENSG00000004534.14	RBM6	31435	718	816	695	852	460	1059	646	2013	277	597	617	749	694	359	1519	415	472	803	812	522	1120	254	3637	1138	1064	590	2207	969	1336	1187	254	1975	2711	709	1170	1411	571	1716	1598	768	366	520	2121	870	1572	513	1888	1342	1320	298	1297	786	183	722	1147	858	195	1249	2360	684	806	605	932	941	1440	811	976	1438	193	1105	699	1447	1639	2772	1624	1063	876	2494	394	575	1670	453	971	600	973	1275	795	1551	1125	2090	2156	947	454	944	873	1283	391
ENSG00000004660.14	CAMKK1	13428	12	203	173	211	124	198	370	393	14	62	384	167	200	373	57	7	51	68	163	34	685	12	38	15	131	4	838	14	1439	95	183	611	182	217	18	769	89	62	475	23	166	51	293	24	411	290	1367	645	135	101	109	440	69	30	774	70	65	14	1564	159	205	116	13	621	44	131	230	293	78	161	214	297	546	2004	1355	172	300	1551	21	163	411	296	222	141	138	25	11	1118	9	1628	60	63	11	84	102	452	160
ENSG00000004700.15	RECQL	10582	276	160	77	91	192	286	307	442	123	180	123	257	107	59	876	168	194	347	264	223	206	179	1227	334	235	319	363	512	308	388	100	256	1510	239	844	260	56	718	177	603	62	108	178	499	311	87	366	297	669	96	264	173	30	371	232	213	40	734	637	140	310	208	621	148	553	250	262	378	80	262	157	288	217	465	288	243	278	682	155	142	256	139	314	201	284	498	457	248	483	463	1200	184	366	194	122	413	40
ENSG00000004766.15	VPS50	28209	470	181	231	301	231	471	523	990	213	218	611	384	396	230	885	202	200	356	475	246	962	171	663	409	372	187	1275	464	1351	499	346	1126	765	915	618	970	148	732	609	916	301	161	734	391	978	363	1179	1197	615	122	342	357	72	398	1094	258	90	681	2923	293	419	226	688	650	448	246	471	598	88	421	304	614	729	1600	984	343	530	2770	224	205	1233	589	613	260	396	701	648	772	717	1535	1243	272	621	391	312	1215	187
ENSG00000004776.12	HSPB6	2731	32	24	3	8	19	18	37	52	70	6	12	11	10	15	192	122	12	10	16	178	3	3	137	113	17	30	10	109	4	8	29	7	180	12	190	5	11	115	9	63	6	4	12	76	1	9	5	0	115	9	11	38	10	21	5	8	2	29	12	6	13	18	36	4	69	6	26	30	2	48	10	41	7	3	4	17	68	1	49	43	18	3	35	8	16	339	76	3	151	7	63	20	63	40	38	35	3
ENSG00000004777.18	ARHGAP33	20080	2	83	73	54	16	38	92	141	0	25	59	58	33	89	4	0	37	38	93	1	69	0	5	9	41	2	51	5	116	47	42	101	15	21	3	99	52	24	75	3	27	44	42	1	38	47	203	65	4	18	84	146	36	2	83	32	23	0	87	53	37	38	8	95	4	46	96	149	35	251	78	62	100	240	157	60	121	88	1	72	68	18	41	31	66	7	15	183	2	139	9	58	3	120	136	97	26
ENSG00000004779.9	NDUFAB1	3468	357	40	43	48	35	88	368	409	126	51	92	75	83	71	539	131	58	70	90	347	241	309	446	263	128	218	210	234	470	77	51	197	748	264	610	180	19	410	74	1307	51	42	78	504	211	68	265	309	436	20	102	92	7	488	227	80	13	693	1099	68	136	53	493	105	308	53	111	111	12	81	53	226	128	462	208	83	224	814	148	80	213	179	208	56	95	325	493	169	302	344	796	47	852	55	71	613	29
ENSG00000004799.7	PDK4	7395	124802	1205	542	605	866	1914	1967	3226	10273	1335	196	392	177	153	179761	20366	3586	1516	1728	50923	783	47045	310383	68534	1576	217232	1063	45674	555	3051	118	939	219134	437	154408	2376	534	108762	601	136742	124	316	766	169414	1302	251	1237	909	58038	570	2936	2033	193	73643	610	728	347	197100	936	573	2087	1526	158935	1494	150094	2016	2043	1869	547	2314	369	1806	824	1351	1483	995	1444	2106	73735	1265	648	392	1439	525	2415	174683	72031	1266	95335	1261	171351	1113	121760	1988	3597	562	139
ENSG00000004809.13	SLC22A16	11134	18	8	6	18	8	15	10	36	1	12	7	6	3	19	25	1	10	10	28	11	20	2	20	2	16	6	15	0	36	13	4	10	13	17	10	25	6	9	16	3	5	9	15	12	33	13	36	23	14	4	14	11	4	11	17	13	3	6	88	11	20	2	17	11	4	11	24	14	0	17	15	23	41	38	37	8	18	71	10	5	16	14	15	4	22	2	5	32	3	31	19	3	0	10	4	34	4
ENSG00000004838.13	ZMYND10	10499	2	27	4	6	4	16	14	21	5	9	7	5	4	8	3	1	6	7	11	1	12	0	24	1	10	1	13	0	18	9	0	9	6	4	6	10	8	8	12	3	1	6	11	0	10	9	23	15	8	4	247	17	2	1	14	7	4	6	20	3	9	9	13	7	8	7	17	68	3	18	22	19	11	14	17	12	12	22	0	29	9	2	8	6	19	4	6	14	1	11	21	7	0	17	12	37	2
ENSG00000004846.16	ABCB5	15324	15	8	5	8	1	9	2	22	7	6	7	7	8	4	26	4	4	9	11	12	7	12	33	3	7	42	20	14	10	6	4	11	65	9	6	4	4	35	11	2	7	2	15	10	16	2	12	14	46	1	13	6	0	6	3	9	2	11	33	10	4	3	81	6	51	6	8	11	0	10	8	11	14	22	10	4	4	19	7	2	15	5	10	5	5	13	6	11	24	16	63	9	5	8	6	13	1
ENSG00000004848.7	ARX	3307	13	2	6	9	0	0	3	3	8	1	20	0	19	12	29	6	0	0	2	40	29	4	32	11	0	13	31	19	61	1	12	18	50	2	49	20	10	48	7	46	9	0	24	10	31	17	55	51	21	0	5	2	1	15	25	1	0	15	122	1	1	0	52	5	13	0	2	0	1	2	1	0	38	80	50	0	1	85	2	0	30	27	1	0	0	20	20	49	24	46	29	1	24	2	1	5	12
ENSG00000004864.13	SLC25A13	9414	133	87	45	54	85	180	324	957	55	78	48	215	56	41	317	56	101	234	496	170	150	37	690	130	210	154	175	112	197	289	34	108	354	374	231	125	41	267	55	182	43	119	98	196	177	31	224	153	224	60	211	217	16	149	99	153	47	222	267	167	253	85	200	73	134	129	339	637	35	383	222	273	151	228	156	223	205	231	147	113	149	75	439	99	313	123	102	176	220	254	336	119	193	339	182	587	19
ENSG00000004866.20	ST7	39414	115	105	150	222	75	197	194	309	84	144	222	122	212	114	339	65	89	132	134	114	384	21	388	109	152	79	469	108	545	213	135	402	298	218	169	423	75	178	274	136	134	68	324	139	422	168	531	448	172	60	162	142	53	73	374	131	38	196	872	107	133	102	156	214	100	119	185	187	37	133	113	193	331	705	462	143	172	954	63	117	368	184	222	112	153	142	192	427	117	645	321	128	89	125	118	389	83
ENSG00000004897.11	CDC27	25285	898	394	399	564	327	776	1341	1540	332	435	1192	612	847	406	2080	595	351	576	712	586	1412	305	2224	1031	646	523	2562	1308	2077	989	604	2031	1460	1343	1609	1542	303	1488	1203	1718	571	306	1539	1187	1519	663	1721	1582	1308	226	634	674	80	843	1697	490	134	1386	3813	437	670	424	924	1001	1366	485	709	1079	157	740	497	965	1029	1962	1196	711	1001	3294	496	391	3211	899	1019	464	758	1374	1362	1121	1303	2661	2397	578	1038	673	553	1922	268
ENSG00000004939.13	SLC4A1	13054	3	7	7	4	10	59	10	28	5	35	11	10	7	8	21	5	18	19	17	10	14	2	27	6	7	2	25	7	17	17	1	18	22	4	17	11	16	25	18	11	6	25	24	77	17	4	20	29	7	11	43	20	3	5	13	18	15	4	12	9	16	9	7	48	4	25	34	21	14	20	16	14	32	28	20	18	20	29	5	16	20	7	12	13	11	8	12	33	9	12	32	152	11	20	43	17	7
ENSG00000004948.13	CALCR	15337	2	2	0	1	0	7	7	4	3	2	3	4	0	2	16	2	0	0	1	4	1	0	15	1	1	4	0	1	5	2	2	2	12	3	14	2	0	13	0	16	0	0	2	8	1	0	1	0	9	2	1	3	0	5	0	0	0	5	5	8	3	2	5	0	6	0	0	2	0	3	1	1	0	8	1	4	1	9	1	0	1	2	3	2	0	10	8	2	2	0	2	2	1	4	2	5	0
ENSG00000004961.14	HCCS	4349	293	43	23	32	34	81	126	161	76	41	82	59	65	60	498	127	27	57	48	152	145	91	375	255	59	146	170	211	267	70	66	142	484	125	375	128	23	324	59	701	37	18	63	371	161	50	165	139	238	30	76	73	11	172	184	63	8	405	451	30	89	44	285	87	272	52	57	72	16	42	38	133	71	229	136	52	125	398	96	62	138	107	80	33	66	280	285	129	414	238	489	56	438	52	50	251	28
ENSG00000004975.11	DVL2	15933	90	110	52	69	52	161	162	211	60	83	47	90	27	85	179	44	78	90	125	69	122	36	271	98	85	35	87	88	159	111	30	114	373	44	201	135	29	253	74	87	47	86	81	68	88	57	255	109	186	46	177	220	28	60	108	88	40	103	150	72	109	58	153	113	176	91	152	197	62	290	117	136	150	362	247	103	218	236	42	136	63	34	106	66	139	134	91	177	59	247	528	118	50	128	160	168	23
ENSG00000005001.9	PRSS22	6682	0	0	0	0	0	0	0	0	0	0	0	0	1	0	0	0	0	0	1	0	0	0	0	0	0	0	0	0	0	0	0	0	0	0	0	0	0	0	0	0	0	0	0	0	0	0	0	0	0	0	0	0	0	0	0	0	0	0	0	0	0	0	0	0	0	1	0	0	0	0	0	0	0	1	0	0	0	0	0	0	0	0	0	0	0	0	0	0	0	0	0	0	0	0	0	0	0
ENSG00000005007.12	UPF1	22891	212	365	135	119	147	452	485	495	95	349	106	248	93	181	469	86	323	220	280	138	185	42	502	393	188	122	221	115	450	234	51	199	1207	87	406	314	92	720	183	218	44	251	200	233	148	117	515	220	381	122	391	554	85	135	232	271	96	242	447	159	318	248	595	195	313	401	588	455	170	699	247	265	269	674	584	315	528	472	85	499	182	69	261	221	363	407	564	407	153	445	707	295	194	293	668	345	84
ENSG00000005020.12	SKAP2	8955	267	556	128	191	371	1035	1017	1617	158	620	323	627	291	130	876	133	646	1027	1000	228	392	90	1017	157	791	438	596	235	622	1140	249	619	864	1009	378	547	76	584	356	639	151	402	491	369	431	258	545	633	438	229	862	558	17	177	525	584	108	423	1665	462	973	453	421	283	337	605	1044	1134	165	960	545	1139	342	756	445	854	1265	1427	172	538	678	289	1235	564	682	312	252	421	209	884	1191	650	138	1159	890	1806	102
ENSG00000005022.5	SLC25A5	2965	542	297	112	142	219	449	756	1116	28	314	357	263	234	220	994	100	253	425	279	170	463	133	678	242	279	301	832	177	1260	284	205	537	1118	532	468	568	98	287	311	585	167	152	243	978	503	173	781	547	276	117	236	332	60	259	731	362	128	347	2289	174	420	316	361	403	375	522	412	481	112	347	237	540	374	1209	691	304	655	1255	148	306	601	393	598	251	573	200	250	685	154	978	391	342	364	282	293	997	91
ENSG00000005059.15	MCUB	5635	21	9	12	4	8	15	96	79	13	10	15	10	21	7	76	13	33	63	26	22	44	11	78	9	49	15	15	8	55	62	11	27	62	26	26	44	9	45	18	64	12	12	29	42	41	9	45	43	39	5	37	18	2	31	26	15	4	22	99	17	65	5	56	16	61	24	25	37	11	54	20	30	24	93	38	33	45	99	24	16	35	22	45	18	17	22	10	24	15	109	73	48	28	41	31	55	5
ENSG00000005073.5	HOXA11	4432	39	2	0	0	3	2	2	2	23	4	0	17	0	0	67	18	1	0	10	22	0	11	211	45	0	31	0	22	0	0	0	0	79	0	96	0	0	81	0	8	0	0	0	69	0	0	0	0	35	2	2	3	0	32	1	4	0	88	0	4	5	3	54	1	97	2	1	2	0	1	21	0	1	0	0	0	5	0	20	4	0	0	0	0	2	39	65	0	30	1	154	4	21	2	26	2	0
ENSG00000005075.15	POLR2J	1716	209	81	27	64	22	90	109	118	182	87	69	29	64	46	512	397	52	59	52	130	50	150	573	408	63	115	158	532	97	47	19	121	885	45	877	120	36	1050	53	880	37	62	49	318	70	38	80	49	582	22	91	84	11	170	154	66	30	390	126	27	62	51	525	44	1251	101	110	95	34	160	60	102	51	121	85	77	157	113	67	128	118	28	135	44	59	955	513	57	797	149	1357	54	542	132	116	128	19
ENSG00000005100.12	DHX33	14863	262	216	116	91	140	272	198	358	41	194	178	167	95	99	548	51	139	216	283	227	265	42	835	241	136	158	341	145	475	228	75	280	537	144	390	302	71	412	231	157	74	104	184	361	307	111	478	347	466	59	202	166	23	151	278	160	62	371	681	133	197	193	260	153	300	297	295	349	93	273	180	186	264	503	385	231	279	616	192	145	263	150	224	175	286	209	217	356	184	524	393	170	181	211	235	326	51
ENSG00000005102.12	MEOX1	7194	16	0	0	0	0	0	0	0	11	0	0	0	0	0	78	10	0	0	0	15	0	6	71	39	0	5	0	20	0	0	0	0	40	0	62	0	1	52	0	16	0	0	0	61	0	0	2	0	66	0	0	0	0	12	0	0	0	19	0	0	0	0	15	0	46	0	0	0	0	0	0	0	0	0	0	0	0	0	6	1	0	0	0	0	0	6	36	0	12	0	97	0	2	0	0	0	0
ENSG00000005108.15	THSD7A	24026	50	456	138	201	336	879	763	804	8	534	445	548	229	140	57	22	545	537	443	14	535	5	146	52	403	23	864	9	793	631	227	427	124	629	66	539	103	107	305	50	159	288	489	53	385	184	747	510	63	181	600	361	52	22	493	471	149	15	1456	312	450	424	28	240	46	776	729	705	172	389	358	726	409	1251	558	671	680	1757	14	374	663	306	631	445	682	32	28	622	37	927	131	580	18	405	520	1347	96
ENSG00000005156.11	LIG3	25770	615	256	200	235	191	349	415	745	142	182	355	242	220	204	1341	207	194	293	359	449	493	99	1663	543	263	359	814	700	723	347	138	546	1377	348	583	603	152	796	462	462	170	184	497	647	504	205	838	660	965	84	332	373	50	335	522	306	100	1068	1146	229	310	230	505	305	769	238	431	641	89	408	330	393	544	1113	669	331	351	906	325	198	642	216	462	236	369	695	672	685	493	792	1249	272	261	269	260	625	110
ENSG00000005175.9	RPAP3	10815	374	175	130	271	143	434	408	574	232	204	354	191	374	160	605	266	149	272	345	257	528	91	979	655	276	172	758	535	696	472	211	696	560	460	606	539	109	704	411	708	177	114	604	301	612	270	743	667	508	123	362	297	35	280	599	185	59	552	1466	220	301	189	516	269	507	203	320	443	70	302	178	459	451	723	487	288	461	1820	140	177	1034	284	377	188	324	814	660	418	602	1086	1688	185	481	259	226	752	123
ENSG00000005187.11	ACSM3	16402	74	17	17	30	16	44	30	94	14	26	44	37	24	18	179	61	25	34	45	56	52	27	441	70	40	109	52	36	56	40	16	44	96	30	132	75	30	91	41	173	15	16	62	80	65	20	93	52	62	15	48	20	5	19	54	33	7	87	116	29	33	20	168	37	50	17	47	60	6	45	36	66	69	118	81	38	17	179	68	16	56	53	43	24	41	199	389	66	554	108	126	24	75	42	33	62	14
ENSG00000005189.19	REXO5	20609	15	8	5	5	9	18	26	39	8	12	24	6	16	7	35	2	8	9	26	8	45	3	34	8	12	2	40	8	66	13	7	27	26	17	7	34	9	21	19	18	8	2	24	19	24	10	76	66	26	7	23	16	3	9	32	12	2	4	120	6	33	6	25	7	13	20	21	29	8	15	5	15	48	78	53	15	19	113	11	11	14	22	26	5	15	2	29	46	11	82	23	10	6	12	15	58	7
ENSG00000005194.14	CIAPIN1	16088	328	90	80	57	96	192	333	608	55	101	154	134	61	55	535	60	74	180	153	149	307	92	518	169	136	181	378	244	632	163	65	244	500	273	457	259	25	321	162	330	45	76	76	688	303	101	451	376	409	49	137	195	32	257	332	174	45	572	1024	107	201	109	226	148	337	166	170	242	67	158	133	185	198	669	390	114	172	732	105	123	101	142	269	82	217	243	306	296	170	453	507	93	345	98	119	469	29
ENSG00000005206.16	SPPL2B	18068	28	116	38	24	26	98	182	123	13	21	28	68	25	48	97	14	40	33	88	35	44	17	89	26	24	12	61	26	76	42	28	57	187	28	55	49	22	164	43	28	15	45	48	45	31	24	140	62	103	39	128	231	7	26	69	23	29	16	74	59	59	27	174	50	68	52	144	155	27	319	67	83	89	177	111	108	296	105	26	138	44	21	63	43	84	53	61	112	52	125	93	54	39	113	180	125	12
ENSG00000005238.19	FAM214B	24852	47	222	69	68	118	237	480	352	10	170	113	181	63	78	263	10	205	194	232	42	129	26	110	52	151	13	184	140	257	251	76	129	192	129	150	233	64	179	60	69	45	150	47	147	142	57	369	188	226	64	191	343	28	18	211	145	70	131	248	124	244	160	66	188	99	180	312	527	99	431	240	165	141	318	251	215	361	280	42	192	86	74	269	143	350	87	88	235	34	478	166	232	24	285	235	306	31
ENSG00000005243.9	COPZ2	5992	74	45	10	15	41	71	65	147	66	41	13	53	2	4	634	91	42	82	48	149	13	222	290	128	61	103	29	289	37	64	7	28	491	15	670	24	6	369	10	257	4	25	13	227	30	3	57	22	490	23	57	52	10	221	17	30	14	341	37	26	71	45	186	16	289	67	87	97	18	74	33	39	33	123	58	59	63	66	113	46	5	10	59	24	91	270	199	37	199	53	457	70	161	53	75	57	0
ENSG00000005249.12	PRKAR2B	4996	22	138	238	333	215	492	625	591	6	270	875	272	641	365	163	2	270	354	266	27	1381	19	60	3	309	38	1694	10	2242	480	519	1548	73	701	44	1595	109	33	927	88	385	118	972	38	1499	593	1771	1780	20	110	213	288	51	18	1563	222	57	28	4677	173	299	192	45	675	39	313	438	399	64	198	170	361	783	2207	1309	223	342	4412	8	186	1666	908	501	337	297	14	10	968	14	2986	68	247	15	164	287	947	263
ENSG00000005302.17	MSL3	21949	194	123	88	105	106	289	254	350	77	169	183	156	149	108	567	123	111	186	215	169	290	71	874	209	198	198	398	389	368	164	109	325	916	173	845	322	49	513	226	252	103	118	247	157	298	117	408	346	471	64	207	181	42	224	339	219	46	316	729	111	198	142	255	151	561	201	221	235	52	193	134	219	215	468	348	194	252	782	66	192	410	126	239	136	232	358	228	267	320	493	1026	156	182	137	147	321	52
ENSG00000005339.14	CREBBP	31455	1014	1405	664	1001	443	1504	931	1377	396	1266	735	799	791	583	2300	429	708	738	1063	1168	1093	234	5977	1521	859	691	1481	1199	1426	1099	483	1425	3195	580	3196	1221	582	4053	1272	1014	499	728	1390	931	1209	664	1841	1222	1853	404	1648	1218	247	550	1094	1063	377	1298	2123	618	823	842	1869	819	1857	1255	1298	1423	322	1519	874	1203	1227	2395	1698	1072	1140	2150	537	1664	1558	439	953	772	1283	1713	1438	1518	965	1813	4284	1117	1051	1020	1581	1240	383
ENSG00000005379.15	TSPOAP1	24351	7	481	413	566	148	345	483	475	19	195	619	268	472	467	42	10	141	232	242	35	562	9	25	31	200	10	1093	16	1136	150	250	826	84	151	10	846	527	89	757	48	285	160	1004	10	443	445	1714	566	21	93	492	521	154	4	890	133	95	20	966	275	195	233	48	725	21	278	479	469	107	448	291	246	828	1997	1500	345	505	1112	13	358	1131	212	273	239	277	63	46	1402	41	1560	47	299	32	247	425	524	185
ENSG00000005381.7	MPO	4837	2	7	2	4	4	3	30	4	4	8	6	13	6	5	6	0	2	5	5	4	4	1	4	0	1	1	6	2	22	2	3	3	5	5	0	6	4	8	6	5	2	3	1	16	3	4	17	7	8	2	3	16	3	5	14	4	0	7	24	5	10	9	3	18	2	8	10	11	2	8	3	7	11	15	9	5	10	8	2	7	10	10	14	7	10	5	10	18	2	29	1	7	2	5	7	18	0
ENSG00000005421.8	PON1	4757	0	6	2	1	1	6	11	10	0	1	2	7	2	3	0	0	1	3	6	0	6	0	1	0	3	0	6	0	3	1	0	6	1	5	0	4	5	0	3	0	0	0	2	1	0	0	11	1	0	2	0	1	1	0	6	2	2	0	6	2	1	2	0	0	0	12	3	10	0	7	4	1	4	7	8	5	11	9	0	3	6	3	6	1	2	0	0	7	0	11	0	6	0	3	3	7	0
ENSG00000005436.13	GCFC2	20988	252	70	78	113	68	183	161	318	192	62	148	145	100	75	864	160	94	129	198	402	220	372	741	286	160	152	255	562	265	202	70	191	453	195	843	280	65	1082	183	860	54	62	214	935	270	84	352	326	716	60	176	114	41	279	230	112	33	916	480	105	133	91	612	85	292	89	200	277	22	199	129	184	297	442	279	116	184	610	496	84	227	121	164	72	212	391	377	279	607	343	505	89	568	142	129	336	48
ENSG00000005448.16	WDR54	12918	4	5	17	12	10	10	54	88	4	6	32	24	11	13	18	1	8	12	17	2	40	5	10	9	25	1	39	2	170	14	16	44	17	21	5	68	6	5	17	3	4	7	17	2	38	11	111	64	7	8	53	52	0	3	56	2	6	2	172	7	22	14	5	35	6	22	24	45	11	27	18	22	40	179	108	14	30	114	1	15	34	27	24	9	35	1	0	73	3	132	9	14	2	10	19	65	13
ENSG00000005469.11	CROT	10991	80	45	30	34	43	115	121	216	88	53	102	82	84	42	385	56	49	102	73	128	180	64	181	130	64	42	209	120	301	78	47	178	138	127	124	201	34	163	144	230	65	16	133	82	151	50	306	286	195	19	81	73	19	111	197	65	12	155	612	39	105	45	108	96	85	69	143	131	12	93	75	97	159	424	229	71	100	563	117	49	203	115	137	63	102	165	318	195	135	324	284	71	71	73	86	264	39
